4438 11
4427 13
4414 13
4401 12
4389 11
4378 11
4367 12
4355 11
4344 12
4332 11
4321 12
4309 11
4298 11
4287 11
4276 11
4265 10
4255 10
4245 11
4234 10
4224 10
4214 10
4204 10
4194 10
4184 10
4174 9
4165 10
4155 10
4145 9
4136 9
4127 9
4118 10
4108 9
4099 9
4090 10
4080 9
4071 9
4062 9
4053 9
4044 9
4035 9
Total matches found: 4451
Number of keypoints: 4520
Number of groups: 41
Group sizes: 13,11,13,13,12,11,11,12,11,12,11,12,11,11,11,11,10,10,11,10,10,10,10,10,10,9,10,10,9,9,9,10,9,9,10,9,9,9,9,9,9
FREAK Group: 13,11,13,13,12,11,11,12,11,12,11,12,11,11,11,11,10,10,11,10,10,10,10,10,10,9,10,10,9,9,9,10,9,9,10,9,9,9,9,9,9
