4457 15
4442 14
4428 13
4415 13
4402 14
4388 12
4376 10
4366 11
4355 10
4345 11
4334 10
4324 10
4314 10
4304 10
4294 11
4283 12
4271 10
4261 10
4251 9
4242 10
4232 9
4223 9
4214 9
4205 10
4195 9
4186 9
4177 9
4168 8
4160 9
4151 9
4142 9
4133 8
4125 9
4116 9
4107 8
4099 9
4090 9
4081 8
4073 8
4065 8
Total matches found: 4471
Number of keypoints: 4528
Number of groups: 41
Group sizes: 14,15,14,13,13,14,12,10,11,10,11,10,10,10,10,11,12,10,10,9,10,9,9,9,10,9,9,9,8,9,9,9,8,9,9,8,9,9,8,8,8
FREAK Group: 14,15,14,13,13,14,12,10,11,10,11,10,10,10,10,11,12,10,10,9,10,9,9,9,10,9,9,9,8,9,9,9,8,9,9,8,9,9,8,8,8
