5225 13
5212 13
5199 13
5186 13
5173 15
5158 12
5146 15
5131 12
5119 11
5108 12
5096 13
5083 12
5071 12
5059 11
5048 11
5037 13
5024 11
5013 12
5001 12
4989 11
4978 11
4967 12
4955 11
4944 11
4933 11
4922 11
4911 10
4901 10
4891 11
4880 10
4870 11
4859 10
4849 10
4839 11
4828 10
4818 11
4807 11
4796 11
4785 11
4774 10
Total matches found: 5241
Number of keypoints: 5683
Number of groups: 41
Group sizes: 16,13,13,13,13,15,12,15,12,11,12,13,12,12,11,11,13,11,12,12,11,11,12,11,11,11,11,10,10,11,10,11,10,10,11,10,11,11,11,11,10
BRISK Group: 16,13,13,13,13,15,12,15,12,11,12,13,12,12,11,11,13,11,12,12,11,11,12,11,11,11,11,10,10,11,10,11,10,10,11,10,11,11,11,11,10
