3426 956
2470 801
1669 481
1188 188
1000 60
940 17
923 12
911 5
906 5
901 5
896 5
891 5
886 4
882 4
878 4
874 4
870 4
866 4
862 4
858 4
854 4
850 4
846 4
842 4
838 4
834 4
830 4
826 4
822 4
818 3
815 4
811 4
807 3
804 4
800 3
797 3
794 3
791 3
788 3
785 3
Total matches found: 4588
Number of keypoints: 5682
Number of groups: 41
Group sizes: 1162,956,801,481,188,60,17,12,5,5,5,5,5,4,4,4,4,4,4,4,4,4,4,4,4,4,4,4,4,4,3,4,4,3,4,3,3,3,3,3,3
BRISK Group: 1162,956,801,481,188,60,17,12,5,5,5,5,5,4,4,4,4,4,4,4,4,4,4,4,4,4,4,4,4,4,3,4,4,3,4,3,3,3,3,3,3
