5208 15
5193 14
5179 13
5166 12
5154 13
5141 13
5128 13
5115 12
5103 13
5090 12
5078 12
5066 12
5054 12
5042 13
5029 12
5017 12
5005 14
4991 13
4978 12
4966 11
4955 11
4944 12
4932 11
4921 12
4909 11
4898 10
4888 11
4877 11
4866 12
4854 11
4843 11
4832 10
4822 11
4811 11
4800 10
4790 10
4780 11
4769 10
4759 11
4748 11
Total matches found: 5221
Number of keypoints: 5683
Number of groups: 41
Group sizes: 13,15,14,13,12,13,13,13,12,13,12,12,12,12,13,12,12,14,13,12,11,11,12,11,12,11,10,11,11,12,11,11,10,11,11,10,10,11,10,11,11
BRISK Group: 13,15,14,13,12,13,13,13,12,13,12,12,12,12,13,12,12,14,13,12,11,11,12,11,12,11,10,11,11,12,11,11,10,11,11,10,10,11,10,11,11
