5217 14
5203 14
5189 14
5175 13
5162 12
5150 12
5138 12
5126 12
5114 12
5102 13
5089 12
5077 12
5065 12
5053 11
5042 12
5030 12
5018 12
5006 11
4995 12
4983 11
4972 10
4962 11
4951 11
4940 11
4929 11
4918 11
4907 11
4896 11
4885 11
4874 11
4863 10
4853 10
4843 10
4833 9
4824 11
4813 9
4804 11
4793 10
4783 10
4773 10
Total matches found: 5230
Number of keypoints: 5737
Number of groups: 41
Group sizes: 13,14,14,14,13,12,12,12,12,12,13,12,12,12,11,12,12,12,11,12,11,10,11,11,11,11,11,11,11,11,11,10,10,10,9,11,9,11,10,10,10
BRISK Group: 13,14,14,14,13,12,12,12,12,12,13,12,12,12,11,12,12,12,11,12,11,10,11,11,11,11,11,11,11,11,11,10,10,10,9,11,9,11,10,10,10
