4498 13
4485 11
4474 14
4460 12
4448 13
4435 12
4423 11
4412 12
4400 11
4389 12
4377 11
4366 10
4356 11
4345 12
4333 12
4321 12
4309 10
4299 10
4289 10
4279 10
4269 10
4259 10
4249 10
4239 9
4230 11
4219 10
4209 9
4200 9
4191 9
4182 9
4173 9
4164 9
4155 10
4145 9
4136 9
4127 10
4117 9
4108 9
4099 9
4090 9
Total matches found: 4511
Number of keypoints: 4556
Number of groups: 41
Group sizes: 13,13,11,14,12,13,12,11,12,11,12,11,10,11,12,12,12,10,10,10,10,10,10,10,9,11,10,9,9,9,9,9,9,10,9,9,10,9,9,9,9
FREAK Group: 13,13,11,14,12,13,12,11,12,11,12,11,10,11,12,12,12,10,10,10,10,10,10,10,9,11,10,9,9,9,9,9,9,10,9,9,10,9,9,9,9
