3457 1016
2441 809
1632 504
1128 181
947 88
859 25
834 15
819 4
815 5
810 5
805 4
801 4
797 4
793 4
789 4
785 4
781 4
777 4
773 4
769 4
765 3
762 4
758 3
755 4
751 3
748 3
745 3
742 3
739 3
736 3
733 3
730 3
727 3
724 3
721 3
718 3
715 3
712 3
709 3
706 3
Total matches found: 4675
Number of keypoints: 5774
Number of groups: 41
Group sizes: 1218,1016,809,504,181,88,25,15,4,5,5,4,4,4,4,4,4,4,4,4,4,3,4,3,4,3,3,3,3,3,3,3,3,3,3,3,3,3,3,3,3
BRISK Group: 1218,1016,809,504,181,88,25,15,4,5,5,4,4,4,4,4,4,4,4,4,4,3,4,3,4,3,3,3,3,3,3,3,3,3,3,3,3,3,3,3,3
