4487 13
4474 12
4462 13
4449 13
4436 13
4423 11
4412 13
4399 12
4387 12
4375 12
4363 12
4351 12
4339 11
4328 12
4316 11
4305 11
4294 11
4283 11
4272 10
4262 11
4251 10
4241 10
4231 9
4222 10
4212 10
4202 11
4191 10
4181 10
4171 9
4162 11
4151 10
4141 10
4131 9
4122 10
4112 10
4102 10
4092 10
4082 10
4072 9
4063 9
Total matches found: 4501
Number of keypoints: 4547
Number of groups: 41
Group sizes: 14,13,12,13,13,13,11,13,12,12,12,12,12,11,12,11,11,11,11,10,11,10,10,9,10,10,11,10,10,9,11,10,10,9,10,10,10,10,10,9,9
FREAK Group: 14,13,12,13,13,13,11,13,12,12,12,12,12,11,12,11,11,11,11,10,11,10,10,9,10,10,11,10,10,9,11,10,10,9,10,10,10,10,10,9,9
