5238 15
5223 14
5209 14
5195 16
5179 12
5167 13
5154 13
5141 12
5129 13
5116 12
5104 12
5092 13
5079 12
5067 11
5056 13
5043 12
5031 12
5019 12
5007 12
4995 12
4983 11
4972 11
4961 11
4950 11
4939 12
4927 11
4916 11
4905 11
4894 10
4884 12
4872 11
4861 10
4851 10
4841 11
4830 11
4819 10
4809 10
4799 11
4788 11
4777 10
Total matches found: 5253
Number of keypoints: 5675
Number of groups: 41
Group sizes: 15,15,14,14,16,12,13,13,12,13,12,12,13,12,11,13,12,12,12,12,12,11,11,11,11,12,11,11,11,10,12,11,10,10,11,11,10,10,11,11,10
BRISK Group: 15,15,14,14,16,12,13,13,12,13,12,12,13,12,11,13,12,12,12,12,12,11,11,11,11,12,11,11,11,10,12,11,10,10,11,11,10,10,11,11,10
