4374 12
4362 14
4348 11
4337 12
4325 12
4313 12
4301 11
4290 11
4279 12
4267 11
4256 11
4245 11
4234 11
4223 10
4213 11
4202 12
4190 11
4179 11
4168 10
4158 10
4148 11
4137 11
4126 10
4116 10
4106 10
4096 9
4087 10
4077 10
4067 10
4057 9
4048 9
4039 10
4029 10
4019 9
4010 9
4001 9
3992 10
3982 9
3973 9
3964 9
Total matches found: 4387
Number of keypoints: 4448
Number of groups: 41
Group sizes: 13,12,14,11,12,12,12,11,11,12,11,11,11,11,10,11,12,11,11,10,10,11,11,10,10,10,9,10,10,10,9,9,10,10,9,9,9,10,9,9,9
FREAK Group: 13,12,14,11,12,12,12,11,11,12,11,11,11,11,10,11,12,11,11,10,10,11,11,10,10,10,9,10,10,10,9,9,10,10,9,9,9,10,9,9,9
