4403 13
4390 12
4378 12
4366 12
4354 11
4343 10
4333 11
4322 11
4311 11
4300 11
4289 10
4279 10
4269 10
4259 10
4249 11
4238 12
4226 10
4216 10
4206 11
4195 10
4185 10
4175 10
4165 10
4155 11
4144 10
4134 9
4125 10
4115 9
4106 10
4096 9
4087 9
4078 9
4069 9
4060 9
4051 9
4042 9
4033 9
4024 9
4015 9
4006 10
Total matches found: 4414
Number of keypoints: 4456
Number of groups: 41
Group sizes: 11,13,12,12,12,11,10,11,11,11,11,10,10,10,10,11,12,10,10,11,10,10,10,10,11,10,9,10,9,10,9,9,9,9,9,9,9,9,9,9,10
FREAK Group: 11,13,12,12,12,11,10,11,11,11,11,10,10,10,10,11,12,10,10,11,10,10,10,10,11,10,9,10,9,10,9,9,9,9,9,9,9,9,9,9,10
