4427 14
4413 13
4400 12
4388 14
4374 13
4361 12
4349 12
4337 12
4325 12
4313 11
4302 11
4291 11
4280 12
4268 10
4258 11
4247 10
4237 12
4225 10
4215 10
4205 10
4195 10
4185 10
4175 10
4165 11
4154 10
4144 10
4134 10
4124 10
4114 10
4104 10
4094 9
4085 10
4075 9
4066 9
4057 10
4047 8
4039 8
4031 9
4022 10
4012 9
Total matches found: 4444
Number of keypoints: 4748
Number of groups: 41
Group sizes: 17,14,13,12,14,13,12,12,12,12,11,11,11,12,10,11,10,12,10,10,10,10,10,10,11,10,10,10,10,10,10,9,10,9,9,10,8,8,9,10,9
BRISK Group: 17,14,13,12,14,13,12,12,12,12,11,11,11,12,10,11,10,12,10,10,10,10,10,10,11,10,10,10,10,10,10,9,10,9,9,10,8,8,9,10,9
