5179 13
5166 14
5152 13
5139 14
5125 14
5111 12
5099 11
5088 14
5074 14
5060 12
5048 13
5035 11
5024 13
5011 11
5000 13
4987 12
4975 11
4964 11
4953 12
4941 11
4930 11
4919 13
4906 11
4895 11
4884 11
4873 11
4862 11
4851 11
4840 10
4830 10
4820 10
4810 11
4799 10
4789 11
4778 11
4767 11
4756 10
4746 11
4735 10
4725 10
Total matches found: 5194
Number of keypoints: 5654
Number of groups: 41
Group sizes: 15,13,14,13,14,14,12,11,14,14,12,13,11,13,11,13,12,11,11,12,11,11,13,11,11,11,11,11,11,10,10,10,11,10,11,11,11,10,11,10,10
BRISK Group: 15,13,14,13,14,14,12,11,14,14,12,13,11,13,11,13,12,11,11,12,11,11,13,11,11,11,11,11,11,10,10,10,11,10,11,11,11,10,11,10,10
