3431 1006
2425 818
1607 487
1120 190
930 76
854 19
835 9
826 6
820 5
815 4
811 4
807 5
802 4
798 4
794 5
789 4
785 4
781 4
777 3
774 3
771 3
768 3
765 3
762 3
759 3
756 3
753 3
750 3
747 3
744 3
741 3
738 3
735 3
732 3
729 3
726 3
723 3
720 3
717 3
714 3
Total matches found: 4628
Number of keypoints: 5731
Number of groups: 41
Group sizes: 1197,1006,818,487,190,76,19,9,6,5,4,4,5,4,4,5,4,4,4,3,3,3,3,3,3,3,3,3,3,3,3,3,3,3,3,3,3,3,3,3,3
BRISK Group: 1197,1006,818,487,190,76,19,9,6,5,4,4,5,4,4,5,4,4,4,3,3,3,3,3,3,3,3,3,3,3,3,3,3,3,3,3,3,3,3,3,3
