5214 15
5199 15
5184 14
5170 14
5156 13
5143 12
5131 12
5119 13
5106 12
5094 13
5081 13
5068 11
5057 12
5045 15
5030 12
5018 11
5007 11
4996 12
4984 11
4973 11
4962 11
4951 12
4939 11
4928 12
4916 11
4905 10
4895 11
4884 12
4872 11
4861 11
4850 11
4839 11
4828 11
4817 10
4807 10
4797 11
4786 10
4776 11
4765 10
4755 10
Total matches found: 5230
Number of keypoints: 5623
Number of groups: 41
Group sizes: 16,15,15,14,14,13,12,12,13,12,13,13,11,12,15,12,11,11,12,11,11,11,12,11,12,11,10,11,12,11,11,11,11,11,10,10,11,10,11,10,10
BRISK Group: 16,15,15,14,14,13,12,12,13,12,13,13,11,12,15,12,11,11,12,11,11,11,12,11,12,11,10,11,12,11,11,11,11,11,10,10,11,10,11,10,10
