4483 13
4470 11
4459 13
4446 11
4435 11
4424 11
4413 12
4401 10
4391 11
4380 10
4370 11
4359 11
4348 10
4338 11
4327 10
4317 10
4307 10
4297 10
4287 10
4277 9
4268 9
4259 9
4250 10
4240 9
4231 9
4222 10
4212 9
4203 9
4194 9
4185 10
4175 9
4166 9
4157 9
4148 9
4139 8
4131 8
4123 9
4114 9
4105 9
4096 9
Total matches found: 4496
Number of keypoints: 4553
Number of groups: 41
Group sizes: 13,13,11,13,11,11,11,12,10,11,10,11,11,10,11,10,10,10,10,10,9,9,9,10,9,9,10,9,9,9,10,9,9,9,9,8,8,9,9,9,9
FREAK Group: 13,13,11,13,11,11,11,12,10,11,10,11,11,10,11,10,10,10,10,10,9,9,9,10,9,9,10,9,9,9,10,9,9,9,9,8,8,9,9,9,9
