2875 432
2443 105
2338 85
2253 31
2222 35
2187 22
2165 23
2142 19
2123 20
2103 18
2085 14
2071 14
2057 14
2043 12
2031 11
2020 9
2011 8
2003 10
1993 8
1985 9
1976 9
1967 10
1957 8
1949 8
1941 8
1933 8
1925 8
1917 6
1911 7
1904 6
1898 6
1892 7
1885 7
1878 6
1872 7
1865 6
1859 6
1853 6
1847 6
1841 6
Total matches found: 3334
Number of keypoints: 3453
Number of groups: 41
Group sizes: 459,432,105,85,31,35,22,23,19,20,18,14,14,14,12,11,9,8,10,8,9,9,10,8,8,8,8,8,6,7,6,6,7,7,6,7,6,6,6,6,6
FREAK Group: 459,432,105,85,31,35,22,23,19,20,18,14,14,14,12,11,9,8,10,8,9,9,10,8,8,8,8,8,6,7,6,6,7,7,6,7,6,6,6,6,6
