3204 487
2717 128
2589 114
2475 43
2432 33
2399 30
2369 27
2342 23
2319 21
2298 20
2278 19
2259 18
2241 17
2224 13
2211 12
2199 14
2185 11
2174 9
2165 10
2155 9
2146 8
2138 9
2129 9
2120 8
2112 8
2104 7
2097 8
2089 7
2082 7
2075 7
2068 7
2061 6
2055 7
2048 7
2041 6
2035 7
2028 6
2022 6
2016 6
2010 6
Total matches found: 3721
Number of keypoints: 4183
Number of groups: 41
Group sizes: 517,487,128,114,43,33,30,27,23,21,20,19,18,17,13,12,14,11,9,10,9,8,9,9,8,8,7,8,7,7,7,7,6,7,7,6,7,6,6,6,6
BRISK Group: 517,487,128,114,43,33,30,27,23,21,20,19,18,17,13,12,14,11,9,10,9,8,9,9,8,8,7,8,7,7,7,7,6,7,7,6,7,6,6,6,6
