4556 15
4541 12
4529 12
4517 14
4503 13
4490 12
4478 12
4466 12
4454 15
4439 14
4425 12
4413 12
4401 13
4388 12
4376 11
4365 12
4353 12
4341 12
4329 10
4319 12
4307 10
4297 11
4286 11
4275 11
4264 9
4255 10
4245 10
4235 10
4225 9
4216 10
4206 9
4197 9
4188 10
4178 9
4169 9
4160 9
4151 9
4142 10
4132 10
4122 9
Total matches found: 4571
Number of keypoints: 4842
Number of groups: 41
Group sizes: 15,15,12,12,14,13,12,12,12,15,14,12,12,13,12,11,12,12,12,10,12,10,11,11,11,9,10,10,10,9,10,9,9,10,9,9,9,9,10,10,9
BRISK Group: 15,15,12,12,14,13,12,12,12,15,14,12,12,13,12,11,12,12,12,10,12,10,11,11,11,9,10,10,10,9,10,9,9,10,9,9,9,9,10,10,9
