4466 14
4452 12
4440 13
4427 13
4414 13
4401 14
4387 13
4374 12
4362 12
4350 11
4339 11
4328 10
4318 11
4307 11
4296 11
4285 10
4275 10
4265 9
4256 10
4246 12
4234 10
4224 9
4215 10
4205 10
4195 10
4185 10
4175 9
4166 9
4157 10
4147 10
4137 9
4128 10
4118 9
4109 10
4099 9
4090 9
4081 9
4072 9
4063 9
4054 9
Total matches found: 4482
Number of keypoints: 4537
Number of groups: 41
Group sizes: 16,14,12,13,13,13,14,13,12,12,11,11,10,11,11,11,10,10,9,10,12,10,9,10,10,10,10,9,9,10,10,9,10,9,10,9,9,9,9,9,9
FREAK Group: 16,14,12,13,13,13,14,13,12,12,11,11,10,11,11,11,10,10,9,10,12,10,9,10,10,10,10,9,9,10,10,9,10,9,10,9,9,9,9,9,9
