4477 12
4465 12
4453 11
4442 12
4430 13
4417 11
4406 11
4395 11
4384 14
4370 10
4360 10
4350 10
4340 10
4330 11
4319 10
4309 12
4297 9
4288 10
4278 10
4268 10
4258 11
4247 10
4237 10
4227 9
4218 10
4208 11
4197 9
4188 10
4178 9
4169 10
4159 9
4150 9
4141 10
4131 9
4122 10
4112 9
4103 9
4094 9
4085 9
4076 9
Total matches found: 4491
Number of keypoints: 4549
Number of groups: 41
Group sizes: 14,12,12,11,12,13,11,11,11,14,10,10,10,10,11,10,12,9,10,10,10,11,10,10,9,10,11,9,10,9,10,9,9,10,9,10,9,9,9,9,9
FREAK Group: 14,12,12,11,12,13,11,11,11,14,10,10,10,10,11,10,12,9,10,10,10,11,10,10,9,10,11,9,10,9,10,9,9,10,9,10,9,9,9,9,9
