5226 14
5212 16
5196 15
5181 13
5168 14
5154 14
5140 12
5128 12
5116 12
5104 12
5092 11
5081 12
5069 12
5057 11
5046 11
5035 12
5023 12
5011 11
5000 11
4989 12
4977 11
4966 12
4954 11
4943 10
4933 11
4922 11
4911 11
4900 11
4889 10
4879 10
4869 11
4858 12
4846 10
4836 11
4825 10
4815 11
4804 10
4794 10
4784 10
4774 10
Total matches found: 5240
Number of keypoints: 5714
Number of groups: 41
Group sizes: 14,14,16,15,13,14,14,12,12,12,12,11,12,12,11,11,12,12,11,11,12,11,12,11,10,11,11,11,11,10,10,11,12,10,11,10,11,10,10,10,10
BRISK Group: 14,14,16,15,13,14,14,12,12,12,12,11,12,12,11,11,12,12,11,11,12,11,12,11,10,11,11,11,11,10,10,11,12,10,11,10,11,10,10,10,10
