4465 11
4454 13
4441 12
4429 12
4417 11
4406 10
4396 10
4386 11
4375 12
4363 10
4353 11
4342 10
4332 10
4322 10
4312 10
4302 10
4292 10
4282 9
4273 10
4263 9
4254 11
4243 9
4234 10
4224 9
4215 9
4206 9
4197 10
4187 9
4178 10
4168 10
4158 9
4149 9
4140 9
4131 9
4122 10
4112 9
4103 9
4094 8
4086 9
4077 9
Total matches found: 4477
Number of keypoints: 4792
Number of groups: 41
Group sizes: 12,11,13,12,12,11,10,10,11,12,10,11,10,10,10,10,10,10,9,10,9,11,9,10,9,9,9,10,9,10,10,9,9,9,9,10,9,9,8,9,9
BRISK Group: 12,11,13,12,12,11,10,10,11,12,10,11,10,10,10,10,10,10,9,10,9,11,9,10,9,9,9,10,9,10,10,9,9,9,9,10,9,9,8,9,9
