4431 14
4417 12
4405 13
4392 11
4381 10
4371 11
4360 11
4349 11
4338 10
4328 12
4316 11
4305 10
4295 10
4285 10
4275 10
4265 11
4254 11
4243 10
4233 11
4222 9
4213 10
4203 10
4193 11
4182 10
4172 9
4163 9
4154 10
4144 10
4134 10
4124 10
4114 10
4104 9
4095 10
4085 9
4076 9
4067 9
4058 9
4049 10
4039 9
4030 9
Total matches found: 4443
Number of keypoints: 4504
Number of groups: 41
Group sizes: 12,14,12,13,11,10,11,11,11,10,12,11,10,10,10,10,11,11,10,11,9,10,10,11,10,9,9,10,10,10,10,10,9,10,9,9,9,9,10,9,9
FREAK Group: 12,14,12,13,11,10,11,11,11,10,12,11,10,10,10,10,11,11,10,11,9,10,10,11,10,9,9,10,10,10,10,10,9,10,9,9,9,9,10,9,9
