4472 12
4460 13
4447 14
4433 12
4421 11
4410 11
4399 11
4388 11
4377 12
4365 11
4354 9
4345 10
4335 11
4324 11
4313 10
4303 11
4292 10
4282 9
4273 9
4264 10
4254 10
4244 10
4234 9
4225 9
4216 9
4207 9
4198 9
4189 11
4178 9
4169 9
4160 8
4152 9
4143 10
4133 9
4124 9
4115 9
4106 9
4097 9
4088 8
4080 9
Total matches found: 4489
Number of keypoints: 4779
Number of groups: 41
Group sizes: 17,12,13,14,12,11,11,11,11,12,11,9,10,11,11,10,11,10,9,9,10,10,10,9,9,9,9,9,11,9,9,8,9,10,9,9,9,9,9,8,9
BRISK Group: 17,12,13,14,12,11,11,11,11,12,11,9,10,11,11,10,11,10,9,9,10,10,10,9,9,9,9,9,11,9,9,8,9,10,9,9,9,9,9,8,9
