4361 13
4348 12
4336 11
4325 13
4312 13
4299 11
4288 12
4276 11
4265 12
4253 10
4243 12
4231 10
4221 10
4211 10
4201 11
4190 10
4180 10
4170 10
4160 10
4150 10
4140 10
4130 10
4120 10
4110 9
4101 10
4091 10
4081 9
4072 9
4063 9
4054 9
4045 9
4036 9
4027 9
4018 9
4009 10
3999 9
3990 8
3982 10
3972 9
3963 9
Total matches found: 4374
Number of keypoints: 4442
Number of groups: 41
Group sizes: 13,13,12,11,13,13,11,12,11,12,10,12,10,10,10,11,10,10,10,10,10,10,10,10,9,10,10,9,9,9,9,9,9,9,9,10,9,8,10,9,9
FREAK Group: 13,13,12,11,13,13,11,12,11,12,10,12,10,10,10,11,10,10,10,10,10,10,10,10,9,10,10,9,9,9,9,9,9,9,9,10,9,8,10,9,9
