5265 15
5250 15
5235 15
5220 14
5206 13
5193 12
5181 14
5167 13
5154 13
5141 14
5127 13
5114 17
5097 14
5083 12
5071 12
5059 11
5048 13
5035 12
5023 12
5011 11
5000 12
4988 12
4976 11
4965 12
4953 12
4941 12
4929 11
4918 11
4907 12
4895 10
4885 12
4873 11
4862 11
4851 11
4840 11
4829 12
4817 10
4807 12
4795 10
4785 11
Total matches found: 5281
Number of keypoints: 5760
Number of groups: 41
Group sizes: 16,15,15,15,14,13,12,14,13,13,14,13,17,14,12,12,11,13,12,12,11,12,12,11,12,12,12,11,11,12,10,12,11,11,11,11,12,10,12,10,11
BRISK Group: 16,15,15,15,14,13,12,14,13,13,14,13,17,14,12,12,11,13,12,12,11,12,12,11,12,12,12,11,11,12,10,12,11,11,11,11,12,10,12,10,11
