3502 999
2503 813
1690 506
1184 212
972 96
876 18
858 14
844 6
838 5
833 5
828 5
823 5
818 4
814 4
810 4
806 4
802 4
798 4
794 4
790 4
786 4
782 4
778 4
774 4
770 3
767 3
764 3
761 3
758 3
755 3
752 3
749 3
746 4
742 3
739 3
736 3
733 3
730 3
727 3
724 3
Total matches found: 4682
Number of keypoints: 5789
Number of groups: 41
Group sizes: 1180,999,813,506,212,96,18,14,6,5,5,5,5,4,4,4,4,4,4,4,4,4,4,4,4,3,3,3,3,3,3,3,3,4,3,3,3,3,3,3,3
BRISK Group: 1180,999,813,506,212,96,18,14,6,5,5,5,5,4,4,4,4,4,4,4,4,4,4,4,4,3,3,3,3,3,3,3,3,4,3,3,3,3,3,3,3
