4470 14
4456 12
4444 15
4429 11
4418 11
4407 12
4395 12
4383 11
4372 11
4361 12
4349 12
4337 11
4326 10
4316 11
4305 11
4294 10
4284 12
4272 10
4262 11
4251 11
4240 9
4231 10
4221 10
4211 10
4201 10
4191 10
4181 10
4171 10
4161 10
4151 9
4142 9
4133 10
4123 10
4113 10
4103 9
4094 9
4085 10
4075 9
4066 9
4057 9
Total matches found: 4484
Number of keypoints: 4533
Number of groups: 41
Group sizes: 14,14,12,15,11,11,12,12,11,11,12,12,11,10,11,11,10,12,10,11,11,9,10,10,10,10,10,10,10,10,9,9,10,10,10,9,9,10,9,9,9
FREAK Group: 14,14,12,15,11,11,12,12,11,11,12,12,11,10,11,11,10,12,10,11,11,9,10,10,10,10,10,10,10,10,9,9,10,10,10,9,9,10,9,9,9
