5295 15
5280 13
5267 17
5250 13
5237 13
5224 14
5210 13
5197 14
5183 12
5171 13
5158 13
5145 13
5132 12
5120 14
5106 12
5094 13
5081 12
5069 12
5057 12
5045 12
5033 11
5022 11
5011 12
4999 12
4987 11
4976 11
4965 11
4954 11
4943 11
4932 11
4921 10
4911 10
4901 12
4889 11
4878 11
4867 10
4857 10
4847 10
4837 11
4826 10
Total matches found: 5312
Number of keypoints: 5714
Number of groups: 41
Group sizes: 17,15,13,17,13,13,14,13,14,12,13,13,13,12,14,12,13,12,12,12,12,11,11,12,12,11,11,11,11,11,11,10,10,12,11,11,10,10,10,11,10
BRISK Group: 17,15,13,17,13,13,14,13,14,12,13,13,13,12,14,12,13,12,12,12,12,11,11,12,12,11,11,11,11,11,11,10,10,12,11,11,10,10,10,11,10
