4495 13
4482 12
4470 14
4456 13
4443 10
4433 11
4422 11
4411 11
4400 11
4389 10
4379 11
4368 10
4358 11
4347 10
4337 12
4325 10
4315 11
4304 11
4293 11
4282 10
4272 10
4262 9
4253 9
4244 10
4234 11
4223 9
4214 10
4204 10
4194 11
4183 10
4173 9
4164 10
4154 9
4145 10
4135 10
4125 9
4116 10
4106 9
4097 10
4087 9
Total matches found: 4507
Number of keypoints: 4561
Number of groups: 41
Group sizes: 12,13,12,14,13,10,11,11,11,11,10,11,10,11,10,12,10,11,11,11,10,10,9,9,10,11,9,10,10,11,10,9,10,9,10,10,9,10,9,10,9
FREAK Group: 12,13,12,14,13,10,11,11,11,11,10,11,10,11,10,12,10,11,11,11,10,10,9,9,10,11,9,10,10,11,10,9,10,9,10,10,9,10,9,10,9
