1042 71
971 45
926 39
887 34
853 34
819 20
799 17
782 16
766 14
752 13
739 13
726 12
714 11
703 8
695 7
688 5
683 5
678 5
673 4
669 4
665 4
661 4
657 4
653 4
649 4
645 4
641 3
638 3
635 3
632 3
629 3
626 3
623 3
620 3
617 3
614 3
611 3
608 3
605 3
602 3
Total matches found: 1128
Number of keypoints: 1452
Number of groups: 41
Group sizes: 86,71,45,39,34,34,20,17,16,14,13,13,12,11,8,7,5,5,5,4,4,4,4,4,4,4,4,3,3,3,3,3,3,3,3,3,3,3,3,3,3
BRISK Group: 86,71,45,39,34,34,20,17,16,14,13,13,12,11,8,7,5,5,5,4,4,4,4,4,4,4,4,3,3,3,3,3,3,3,3,3,3,3,3,3,3
