1017 57
960 52
908 41
867 34
833 28
805 25
780 19
761 18
743 14
729 13
716 13
703 9
694 7
687 6
681 6
675 6
669 6
663 5
658 4
654 5
649 4
645 4
641 4
637 4
633 4
629 4
625 4
621 4
617 4
613 4
609 4
605 4
601 3
598 3
595 3
592 3
589 3
586 3
583 3
580 3
Total matches found: 1078
Number of keypoints: 1341
Number of groups: 41
Group sizes: 61,57,52,41,34,28,25,19,18,14,13,13,9,7,6,6,6,6,5,4,5,4,4,4,4,4,4,4,4,4,4,4,4,3,3,3,3,3,3,3,3
FREAK Group: 61,57,52,41,34,28,25,19,18,14,13,13,9,7,6,6,6,6,5,4,5,4,4,4,4,4,4,4,4,4,4,4,4,3,3,3,3,3,3,3,3
