4235 17
4218 18
4200 18
4182 17
4165 13
4152 13
4139 15
4124 13
4111 12
4099 11
4088 11
4077 11
4066 11
4055 11
4044 11
4033 10
4023 11
4012 10
4002 10
3992 11
3981 12
3969 11
3958 10
3948 10
3938 11
3927 10
3917 10
3907 10
3897 10
3887 10
3877 9
3868 9
3859 9
3850 9
3841 10
3831 9
3822 9
3813 9
3804 9
3795 9
Total matches found: 4262
Number of keypoints: 4376
Number of groups: 41
Group sizes: 27,17,18,18,17,13,13,15,13,12,11,11,11,11,11,11,10,11,10,10,11,12,11,10,10,11,10,10,10,10,10,9,9,9,9,10,9,9,9,9,9
FREAK Group: 27,17,18,18,17,13,13,15,13,12,11,11,11,11,11,11,10,11,10,10,11,12,11,10,10,11,10,10,10,10,10,9,9,9,9,10,9,9,9,9,9
