4067 12
4055 13
4042 14
4028 11
4017 12
4005 12
3993 11
3982 12
3970 11
3959 10
3949 11
3938 10
3928 10
3918 10
3908 10
3898 10
3888 10
3878 10
3868 9
3859 9
3850 9
3841 9
3832 9
3823 10
3813 10
3803 9
3794 9
3785 9
3776 9
3767 8
3759 9
3750 9
3741 8
3733 8
3725 8
3717 8
3709 8
3701 8
3693 9
3684 8
Total matches found: 4089
Number of keypoints: 4559
Number of groups: 41
Group sizes: 22,12,13,14,11,12,12,11,12,11,10,11,10,10,10,10,10,10,10,9,9,9,9,9,10,10,9,9,9,9,8,9,9,8,8,8,8,8,8,9,8
BRISK Group: 22,12,13,14,11,12,12,11,12,11,10,11,10,10,10,10,10,10,10,9,9,9,9,9,10,10,9,9,9,9,8,9,9,8,8,8,8,8,8,9,8
