4444 14
4430 14
4416 14
4402 13
4389 11
4378 12
4366 13
4353 12
4341 12
4329 12
4317 11
4306 11
4295 11
4284 13
4271 12
4259 11
4248 11
4237 11
4226 11
4215 11
4204 10
4194 10
4184 10
4174 10
4164 9
4155 10
4145 10
4135 9
4126 9
4117 10
4107 9
4098 9
4089 9
4080 10
4070 10
4060 9
4051 10
4041 10
4031 10
4021 9
Total matches found: 4457
Number of keypoints: 4766
Number of groups: 41
Group sizes: 13,14,14,14,13,11,12,13,12,12,12,11,11,11,13,12,11,11,11,11,11,10,10,10,10,9,10,10,9,9,10,9,9,9,10,10,9,10,10,10,9
BRISK Group: 13,14,14,14,13,11,12,13,12,12,12,11,11,11,13,12,11,11,11,11,11,10,10,10,10,9,10,10,9,9,10,9,9,9,10,10,9,10,10,10,9
