4470 13
4457 13
4444 14
4430 13
4417 12
4405 14
4391 12
4379 12
4367 11
4356 12
4344 13
4331 11
4320 12
4308 12
4296 12
4284 10
4274 12
4262 10
4252 11
4241 11
4230 10
4220 11
4209 11
4198 10
4188 9
4179 10
4169 10
4159 11
4148 9
4139 9
4130 9
4121 9
4112 9
4103 9
4094 9
4085 9
4076 9
4067 9
4058 9
4049 9
Total matches found: 4483
Number of keypoints: 4544
Number of groups: 41
Group sizes: 13,13,13,14,13,12,14,12,12,11,12,13,11,12,12,12,10,12,10,11,11,10,11,11,10,9,10,10,11,9,9,9,9,9,9,9,9,9,9,9,9
FREAK Group: 13,13,13,14,13,12,14,12,12,11,12,13,11,12,12,12,10,12,10,11,11,10,11,11,10,9,10,10,11,9,9,9,9,9,9,9,9,9,9,9,9
