4489 14
4475 13
4462 13
4449 13
4436 12
4424 13
4411 13
4398 13
4385 11
4374 11
4363 12
4351 12
4339 11
4328 12
4316 12
4304 11
4293 12
4281 11
4270 10
4260 12
4248 10
4238 9
4229 10
4219 9
4210 10
4200 10
4190 9
4181 9
4172 10
4162 9
4153 10
4143 10
4133 10
4123 9
4114 8
4106 9
4097 10
4087 9
4078 9
4069 9
Total matches found: 4503
Number of keypoints: 4558
Number of groups: 41
Group sizes: 14,14,13,13,13,12,13,13,13,11,11,12,12,11,12,12,11,12,11,10,12,10,9,10,9,10,10,9,9,10,9,10,10,10,9,8,9,10,9,9,9
FREAK Group: 14,14,13,13,13,12,13,13,13,11,11,12,12,11,12,12,11,12,11,10,12,10,9,10,9,10,10,9,9,10,9,10,10,10,9,8,9,10,9,9,9
