5276 14
5262 15
5247 13
5234 13
5221 13
5208 13
5195 13
5182 14
5168 12
5156 13
5143 13
5130 13
5117 12
5105 12
5093 12
5081 12
5069 12
5057 12
5045 11
5034 11
5023 11
5012 11
5001 13
4988 13
4975 12
4963 11
4952 11
4941 11
4930 11
4919 11
4908 12
4896 11
4885 12
4873 11
4862 12
4850 11
4839 11
4828 10
4818 10
4808 10
Total matches found: 5292
Number of keypoints: 5754
Number of groups: 41
Group sizes: 16,14,15,13,13,13,13,13,14,12,13,13,13,12,12,12,12,12,12,11,11,11,11,13,13,12,11,11,11,11,11,12,11,12,11,12,11,11,10,10,10
BRISK Group: 16,14,15,13,13,13,13,13,14,12,13,13,13,12,12,12,12,12,12,11,11,11,11,13,13,12,11,11,11,11,11,12,11,12,11,12,11,11,10,10,10
