3359 963
2396 790
1606 508
1098 202
896 90
806 24
782 15
767 5
762 5
757 5
752 4
748 4
744 4
740 4
736 4
732 4
728 4
724 4
720 3
717 4
713 3
710 3
707 3
704 3
701 3
698 3
695 3
692 3
689 3
686 3
683 3
680 3
677 3
674 3
671 3
668 3
665 3
662 3
659 3
656 3
Total matches found: 4519
Number of keypoints: 5587
Number of groups: 41
Group sizes: 1160,963,790,508,202,90,24,15,5,5,5,4,4,4,4,4,4,4,4,3,4,3,3,3,3,3,3,3,3,3,3,3,3,3,3,3,3,3,3,3,3
BRISK Group: 1160,963,790,508,202,90,24,15,5,5,5,4,4,4,4,4,4,4,4,3,4,3,3,3,3,3,3,3,3,3,3,3,3,3,3,3,3,3,3,3,3
