5285 13
5272 13
5259 13
5246 13
5233 13
5220 13
5207 12
5195 13
5182 13
5169 13
5156 12
5144 12
5132 12
5120 14
5106 11
5095 12
5083 11
5072 11
5061 12
5049 11
5038 11
5027 11
5016 12
5004 11
4993 11
4982 11
4971 11
4960 12
4948 11
4937 10
4927 11
4916 11
4905 10
4895 10
4885 10
4875 11
4864 10
4854 10
4844 10
4834 10
Total matches found: 5299
Number of keypoints: 5728
Number of groups: 41
Group sizes: 14,13,13,13,13,13,13,12,13,13,13,12,12,12,14,11,12,11,11,12,11,11,11,12,11,11,11,11,12,11,10,11,11,10,10,10,11,10,10,10,10
BRISK Group: 14,13,13,13,13,13,13,12,13,13,13,12,12,12,14,11,12,11,11,12,11,11,11,12,11,11,11,11,12,11,10,11,11,10,10,10,11,10,10,10,10
