4508 12
4496 12
4484 12
4472 12
4460 11
4449 11
4438 11
4427 11
4416 13
4403 12
4391 11
4380 12
4368 11
4357 12
4345 10
4335 10
4325 9
4316 11
4305 11
4294 12
4282 10
4272 9
4263 10
4253 10
4243 10
4233 10
4223 10
4213 10
4203 10
4193 10
4183 10
4173 10
4163 11
4152 10
4142 9
4133 10
4123 9
4114 9
4105 10
4095 10
Total matches found: 4521
Number of keypoints: 4583
Number of groups: 41
Group sizes: 13,12,12,12,12,11,11,11,11,13,12,11,12,11,12,10,10,9,11,11,12,10,9,10,10,10,10,10,10,10,10,10,10,11,10,9,10,9,9,10,10
FREAK Group: 13,12,12,12,12,11,11,11,11,13,12,11,12,11,12,10,10,9,11,11,12,10,9,10,10,10,10,10,10,10,10,10,10,11,10,9,10,9,9,10,10
